4 2 1
2 4 1 2 4 8
3 2 4 2 5 1 6
0.1 6
7 8
50
R N 1 1 2 2
R N 2 2 13 39
R G 2 3 1 9
R N 2 4 19 209
R G 2 5 19 171
R N 2 6 17 68
R V 2 7 16 80
R N 3 8 4 12
P 3 6 136
R N 4 9 11 121
R V 5 10 12 48
R N 6 11 19 57
P 6 11 38
R N 7 12 9 45
R G 8 13 6 30
P 8 9 11
R N 9 14 20 120
R N 9 15 1 3
R N 10 16 18 36
R N 11 17 7 49
X 12 7
R N 12 18 4 24
X 12 2
R N 12 19 6 54
X 13 52
P 13 19 39
R N 14 20 6 6
R G 14 21 20 20
P 15 14 200
R G 15 22 14 84
R N 16 23 5 5
P 17 20 48
R V 18 24 8 16
R N 18 25 10 60
R G 18 26 13 130
R V 18 27 11 88
P 19 17 70
X 19 5
R N 19 28 17 153
R N 19 29 9 63
P 20 23 10
R G 20 30 14 84
R N 20 31 3 30
R N 21 32 15 90
P 21 4 171
R G 21 33 5 20
R G 22 34 4 24
P 22 29 31
X 22 93
X 22 144
