7 3 2
2 4 1 2 4 8
4 3 5 3 6 2 7
0.2 4
6 4
50
R N 1 1 13 52
R N 1 2 11 88
R N 1 3 12 72
P 2 1 19
R N 3 4 6 60
P 4 4 51
P 5 3 30
P 6 2 38
R N 6 5 5 25
R N 6 6 10 50
P 6 5 25
R N 6 7 1 11
R V 6 8 4 24
R N 6 9 17 119
X 7 3
R N 7 10 8 8
R N 7 11 12 108
R G 8 12 4 8
R N 9 13 4 40
R N 9 14 7 49
P 9 9 153
R G 10 15 4 28
R N 11 16 18 144
R N 12 17 14 14
R V 12 18 12 48
R V 13 19 18 72
P 13 14 59
R G 13 20 11 99
R N 13 21 15 75
R N 14 22 14 140
P 15 6 65
R G 15 23 5 30
R N 15 24 8 24
R N 16 25 1 7
R G 16 26 8 48
P 17 21 7
R G 18 27 8 56
R G 18 28 13 91
P 19 11 54
R G 20 29 20 160
X 21 133
P 21 24 24
R N 22 30 7 42
X 22 60
R N 22 31 20 80
R G 23 32 19 133
R N 24 33 8 64
R G 25 34 4 24
P 25 30 14
X 25 3
