8 5 1
2 4 1 2 4 8
3 2 4 2 5 1 6
0.1 6
7 8
50
R N 1 1 4 40
P 1 1 18
R N 2 2 4 40
R G 3 3 6 12
R N 3 4 3 27
R N 3 5 17 187
R V 3 6 7 63
R G 3 7 13 117
R N 4 8 13 130
R G 4 9 2 20
R G 5 10 19 114
R N 5 11 2 16
P 5 8 32
R N 6 12 6 36
R G 6 13 6 30
P 7 4 18
R G 7 14 19 114
X 7 4
X 8 30
X 8 25
P 9 2 18
R N 10 15 14 70
R G 10 16 1 2
P 10 15 28
R N 10 17 18 36
P 10 17 108
R G 11 18 4 4
R N 11 19 4 36
P 12 19 40
R G 12 20 12 120
R G 12 21 15 120
R N 12 22 5 50
P 13 22 42
R N 13 23 11 77
R N 14 24 7 49
R G 14 25 4 28
X 14 31
R G 15 26 9 72
P 16 23 93
R G 16 27 4 28
R N 16 28 6 54
R N 16 29 6 24
R N 17 30 3 24
P 17 30 24
R N 17 31 17 68
R N 18 32 18 18
X 18 9
R N 19 33 16 64
R N 20 34 19 209
R N 21 35 20 100
