8 1 4
2 4 1 2 4 8
3 2 4 2 5 1 6
0.2 4
6 7
50
R V 0 1 14 126
R N 1 2 11 11
X 2 55
R N 3 3 18 144
R V 4 4 10 20
P 4 3 180
R G 4 5 6 24
R V 4 6 10 80
R N 4 7 6 60
P 4 7 57
R N 4 8 9 18
R N 5 9 13 104
R N 5 10 15 30
R V 6 11 11 44
R N 7 12 5 40
R N 7 13 11 110
R N 8 14 5 45
P 8 14 17
R N 9 15 12 60
P 10 12 5
R N 11 16 12 60
P 12 16 6
P 13 15 54
R V 14 17 18 108
P 15 13 66
X 16 22
R N 16 18 12 108
P 16 9 32
R N 16 19 18 36
X 16 54
R V 16 20 10 100
R V 17 21 4 32
R N 17 22 20 140
X 18 13
R V 18 23 10 110
R N 19 24 10 70
P 19 24 60
R N 20 25 14 154
R N 20 26 5 25
P 20 19 90
R V 21 27 3 33
R N 22 28 1 10
R N 22 29 10 10
R G 22 30 14 140
R N 22 31 17 85
R V 22 32 6 6
P 22 22 70
R N 23 33 17 68
R N 24 34 18 18
R V 25 35 3 9
