1 5 2
2 4 1 2 4 8
3 2 4 2 5 1 6
0.15 5
3 2
50
R N 1 1 7 63
P 2 1 38
R G 3 2 14 112
R N 3 3 18 18
R G 3 4 10 80
R G 3 5 1 6
R N 3 6 5 55
P 4 3 90
R N 4 7 20 140
P 4 6 7
R N 5 8 19 152
R G 5 9 14 126
X 6 171
P 7 7 20
R N 8 10 4 32
X 8 26
R G 8 11 19 171
R N 9 12 14 84
R G 10 13 8 72
R G 10 14 10 40
P 10 12 21
R N 11 15 10 10
P 12 15 40
R G 12 16 17 102
R N 12 17 7 35
R G 13 18 18 72
P 13 17 35
R G 13 19 18 144
R N 13 20 9 72
P 13 20 13
R G 14 21 6 12
R N 14 22 17 119
R G 15 23 11 77
R N 16 24 16 32
R N 16 25 16 144
R N 16 26 16 160
R N 16 27 20 140
R N 17 28 5 10
P 18 25 16
R N 19 29 14 126
P 19 29 21
X 20 16
R N 21 30 2 22
R G 21 31 2 20
R N 22 32 13 130
P 22 27 80
R G 22 33 16 96
P 22 30 8
P 23 22 25
R N 24 34 11 11
