FT	ID	AT	WT	ST
4	6	3	0	1
4	5	3	0	1
4	1	1	0	3
6	3	3	0	3
9	10	8	0	1
10	2	3	0	7
11	7	4	0	7
12	12	9	0	3
12	8	5	0	7
12	4	3	0	9
13	9	5	0	8
14	17	12	0	2
14	13	10	0	4
15	14	10	0	5
19	24	16	0	3
20	22	14	0	6
21	16	12	0	9
21	15	11	0	10
21	11	8	0	13
22	25	16	3	3
22	20	13	0	9
23	30	21	1	1
24	19	13	2	9
26	28	17	4	5
26	26	16	4	6
28	32	22	3	3
28	21	14	8	6
28	18	13	1	14
29	31	21	7	1
29	29	19	2	8
31	27	16	5	10
37	34	24	2	11
38	23	15	12	11
40	33	22	6	12
Orders: 34	[Norm:13, Veg:14, VIP:7]
Cooks: 8	[Norm:1, Veg:5, Vip:2, injured:8]
Avg Wait = 1.76471, Avg Serv = 6.20588
Urgent orders: 5, Auto-promoted: 15%
