FT	ID	AT	WT	ST
3	2	1	0	2
5	3	1	2	2
7	8	6	0	1
8	1	1	0	7
9	7	6	2	1
9	6	6	1	2
10	4	3	1	6
11	5	6	0	5
12	12	8	0	4
14	15	10	0	4
14	9	6	3	5
16	10	7	7	2
16	19	13	0	3
18	11	7	9	2
19	13	9	9	1
20	23	15	0	5
20	14	9	4	7
21	21	13	6	2
24	20	13	0	11
24	18	12	0	12
25	22	14	9	2
25	17	12	9	4
26	25	16	9	1
27	30	22	3	2
28	26	16	4	8
29	33	24	3	2
29	31	22	4	3
32	24	15	9	8
32	27	18	6	8
38	16	11	9	18
41	28	18	10	13
42	34	25	13	4
51	32	23	9	19
52	29	20	12	20
Orders: 34	[Norm:8, Veg:10, VIP:16]
Cooks: 6	[Norm:1, Veg:4, Vip:1, injured:5]
Avg Wait = 4.5, Avg Serv = 5.76471
Urgent orders: 7, Auto-promoted: 28.5714%
