FT	ID	AT	WT	ST
7	7	6	0	1
7	5	6	0	1
7	8	6	0	1
7	3	1	0	6
8	1	1	0	7
9	4	3	0	6
11	13	9	0	2
11	10	7	0	4
11	6	6	0	5
11	2	1	0	10
12	12	8	0	4
13	14	9	0	4
14	18	12	0	2
14	15	10	0	4
14	11	7	0	7
16	19	13	0	3
17	25	16	0	1
19	24	15	0	4
19	9	6	0	13
20	23	15	0	5
20	17	12	0	8
20	16	11	0	9
21	22	14	0	7
22	21	13	0	9
24	26	16	0	8
24	20	13	0	11
28	33	24	0	4
28	30	22	0	6
28	27	18	2	8
32	31	22	0	10
37	28	18	6	13
41	34	25	12	4
44	29	20	4	20
47	32	23	5	19
Orders: 34	[Norm:20, Veg:10, VIP:4]
Cooks: 12	[Norm:7, Veg:3, Vip:2, injured:9]
Avg Wait = 0.852941, Avg Serv = 6.64706
Urgent orders: 0, Auto-promoted: 0%
