FT	ID	AT	WT	ST
2	1	1	0	1
3	3	2	0	1
4	7	2	0	2
5	8	3	0	2
6	9	4	0	2
7	2	2	0	5
8	6	2	0	6
9	11	6	0	3
9	10	5	0	4
10	15	9	0	1
10	12	7	0	3
14	13	8	0	6
15	17	11	3	1
15	19	12	1	2
16	20	14	1	1
17	23	16	0	1
17	18	12	3	2
19	16	10	3	6
21	4	2	0	19
21	5	2	0	19
22	24	18	1	3
24	29	19	3	2
25	31	20	4	1
27	32	21	4	2
28	28	19	3	6
29	27	18	0	11
29	14	9	0	20
31	25	18	3	10
34	21	14	0	20
35	22	15	6	14
48	26	18	17	13
52	30	20	18	14
56	34	22	30	4
57	33	21	31	5
Orders: 34	[Norm:18, Veg:9, VIP:7]
Cooks: 7	[Norm:4, Veg:2, Vip:1, injured:5]
Avg Wait = 3.85294, Avg Serv = 6.23529
Urgent orders: 0, Auto-promoted: 0%
